0.000000000e+00 2.026791000e-09
1.000000000e-04 2.026791000e-09
2.000000000e-04 2.026791000e-09
3.000000000e-04 2.026791000e-09
4.000000000e-04 2.026791000e-09
5.000000000e-04 2.026791000e-09
6.000000000e-04 2.026791000e-09
7.000000000e-04 2.026791000e-09
8.000000000e-04 2.026791000e-09
9.000000000e-04 2.026791000e-09
1.000000000e-03 2.026791000e-09
1.100000000e-03 2.026791000e-09
1.200000000e-03 2.026791000e-09
1.300000000e-03 2.026791000e-09
1.400000000e-03 2.026791000e-09
1.500000000e-03 2.026791000e-09
1.600000000e-03 2.026791000e-09
1.700000000e-03 2.026791000e-09
1.800000000e-03 2.026791000e-09
1.900000000e-03 2.026791000e-09
2.000000000e-03 2.026791000e-09
2.100000000e-03 2.026791000e-09
2.200000000e-03 2.026791000e-09
2.300000000e-03 2.026791000e-09
2.400000000e-03 2.026791000e-09
2.500000000e-03 2.026791000e-09
2.600000000e-03 2.026791000e-09
2.700000000e-03 2.026791000e-09
2.800000000e-03 2.026791000e-09
2.900000000e-03 2.026791000e-09
3.000000000e-03 2.026791000e-09
3.100000000e-03 2.026791000e-09
3.200000000e-03 2.026791000e-09
3.300000000e-03 2.026791000e-09
3.400000000e-03 2.026791000e-09
3.500000000e-03 2.026791000e-09
3.600000000e-03 2.026791000e-09
3.700000000e-03 2.026791000e-09
3.800000000e-03 2.026791000e-09
3.900000000e-03 2.026791000e-09
4.000000000e-03 2.026791000e-09
4.100000000e-03 2.026791000e-09
4.200000000e-03 2.026791000e-09
4.300000000e-03 2.026791000e-09
4.400000000e-03 2.026791000e-09
4.500000000e-03 2.026791000e-09
4.600000000e-03 2.026791000e-09
4.700000000e-03 2.026791000e-09
4.800000000e-03 2.026791000e-09
4.900000000e-03 2.026791000e-09
5.000000000e-03 2.026791000e-09
5.100000000e-03 2.026791000e-09
5.200000000e-03 2.026791000e-09
5.300000000e-03 2.026791000e-09
5.400000000e-03 2.026791000e-09
5.500000000e-03 2.026791000e-09
5.600000000e-03 2.026791000e-09
5.700000000e-03 2.026791000e-09
5.800000000e-03 2.026791000e-09
5.900000000e-03 2.026791000e-09
6.000000000e-03 2.026791000e-09
6.100000000e-03 2.026791000e-09
6.200000000e-03 2.026791000e-09
6.300000000e-03 2.026791000e-09
6.400000000e-03 2.026791000e-09
6.500000000e-03 2.026791000e-09
6.600000000e-03 2.026791000e-09
6.700000000e-03 2.026791000e-09
6.800000000e-03 2.026791000e-09
6.900000000e-03 2.026791000e-09
7.000000000e-03 2.026791000e-09
7.100000000e-03 2.026791000e-09
7.200000000e-03 2.026791000e-09
7.300000000e-03 2.026791000e-09
7.400000000e-03 2.026791000e-09
7.500000000e-03 2.026791000e-09
7.600000000e-03 2.026791000e-09
7.700000000e-03 2.026791000e-09
7.800000000e-03 2.026791000e-09
7.900000000e-03 2.026791000e-09
8.000000000e-03 2.026791000e-09
8.100000000e-03 2.026791000e-09
8.200000000e-03 2.026791000e-09
8.300000000e-03 2.026791000e-09
8.400000000e-03 2.026791000e-09
8.500000000e-03 2.026791000e-09
8.600000000e-03 2.026791000e-09
8.700000000e-03 2.026791000e-09
8.800000000e-03 2.026791000e-09
8.900000000e-03 2.026791000e-09
9.000000000e-03 2.026791000e-09
9.100000000e-03 2.026791000e-09
9.200000000e-03 2.026791000e-09
9.300000000e-03 2.026791000e-09
9.400000000e-03 2.026791000e-09
9.500000000e-03 2.026791000e-09
9.600000000e-03 2.026791000e-09
9.700000000e-03 2.026791000e-09
9.800000000e-03 2.026791000e-09
9.900000000e-03 2.026791000e-09
